1	1388530800000	0	0.23702412848407883			0.05460092975437236	
1	1388530800000	33			0.026137424264286602		
1	1388530800000	359	0.02730046487718618	0.08073835401865896			
1	1388530800000	39	3.869376108045749	5.709856727324106	2.0737917250248525	2.7520189588786086	11.354391845011769
1	1388530800000	41			0.02730046487718618		
1	1388531400000	0	0.026137424264286602				
1	1388531400000	33		0.0017873101054994376			
1	1388531400000	39	5.553117680110686	6.6818383230110125	2.108438207955136	1.8878794044564475	15.405734275091834
1	1388531400000	48		0.0017873101054994376	0.026137424264286602		
1	1388532000000	0	0.029712044475285478	0.2706785675460627		0.02730046487718618	
1	1388532000000	31				0.02730046487718618	
1	1388532000000	39	4.830329390157154	5.205482573666973	0.85380564510397	1.0351513015930771	15.21645452922244
1	1388532000000	48	0.03149935458078491	0.02792473436978604			
1	1388532000000	49	0.05460092975437236				0.052274848528573205
1	1388532600000	0	0.02792473436978604	0.0017873101054994376		0.052274848528573205	
1	1388532600000	1	0.0017873101054994376				
1	1388532600000	385			0.026137424264286602		
1	1388532600000	39	4.319147989567224	3.1670692763764094	0.6799887630727561	0.6851796966446543	14.674488488245304
1	1388532600000	41	0.02730046487718618				
1	1388532600000	49		0.02730046487718618			0.052274848528573205
1	1388533200000	0	0.16147670803731792			0.02730046487718618	
1	1388533200000	39	3.1212727833329157	5.832771681112227	0.5516277229771223	0.5807154979598079	14.091042936518587
1	1388533200000	40				0.02730046487718618	
1	1388533200000	48	0.026137424264286602		0.026137424264286602		
1	1388533200000	49					0.08190139463155853
1	1388533200000	53	0.0017873101054994376				
1	1388533800000	0	0.1638882876354172	0.130687121321433			
1	1388533800000	373				0.026137424264286602	
1	1388533800000	385			0.026137424264286602		
1	1388533800000	39	2.1619991360156035	1.7828660173723914	0.27604049786256096	0.24230056042827702	13.795891215894741
1	1388533800000	44			0.02730046487718618		
1	1388533800000	49	0.05460092975437236	0.02730046487718618			0.0017873101054994376
1	1388534400000	0	0.23872594021727817	0.0017873101054994376			
1	1388534400000	359	0.02730046487718618				
1	1388534400000	39	2.027027626618272	1.662902756683955	0.13721209225083092	0.19592641333650185	12.780730559291163
1	1388534400000	40				0.05343788914147278	
1	1388535000000	0	0.16683863835381624				
1	1388535000000	39	1.5693591962632043	0.910364881708442	0.16031366742441833	0.10812431726814528	11.549435232172666
1	1388535600000	0	0.05460092975437236	0.0017873101054994376			
1	1388535600000	39	1.1199175485707342	1.0635293087108626	0.10687577828294556	0.1342617415324319	11.887444854781801
1	1388536200000	0	0.026137424264286602				
1	1388536200000	39	1.1120585402838365	0.9121897323606365	0.13533928377303134	0.2707640659183628	12.050462795086629
1	1388536200000	49	0.026137424264286602				
1	1388536800000	0	0.052274848528573205				
1	1388536800000	33					0.0017873101054994376
1	1388536800000	39	0.5522519924697222	0.42991469272988153	0.13775086337113063	0.3758525340958089	11.501321732800994
1	1388537400000	39	0.6685175940281645	0.3307269259892335	0.16210097752991778	0.0825256641241584	13.002698481240742
1	1388537400000	49	0.026137424264286602				0.0017873101054994376
1	1388538000000	0	0.05460092975437236				
1	1388538000000	32					0.026137424264286602
1	1388538000000	39	0.3498006082038224	0.4404675566182779	0.08431297422965783	0.0854760148425574	10.962066778035787
1	1388538000000	49	0.026137424264286602				
1	1388538600000	0	0.02730046487718618				
1	1388538600000	39	0.5229932207424364	0.3829162761455065	0.05343788914147278	0.0017873101054994376	13.248978976802412
1	1388539200000	0	0.02730046487718618				
1	1388539200000	39	0.4410918261108777	0.28023938756615974	0.16442705875571695	0.05343788914147278	11.224913460562735
1	1388539800000	0	0.10920185950874473				
1	1388539800000	39	0.3840793167584061	0.27433868612936163	0.05460092975437236	0.16147670803731792	10.226245252212331
1	1388540400000	0	0.02730046487718618				
1	1388540400000	39	0.325989265165335	0.2730901471441619	0.10750004777554542	0.08190139463155853	10.573730196469265
1	1388541000000	0	0.052274848528573205			0.0017873101054994376	
1	1388541000000	39	0.5170925193056383	0.16746290784641607	0.10803881889584513	0.13480051265273163	11.03517002466643
1	1388541600000	0	0.00714924042199775				
1	1388541600000	39	0.29278809885135076	0.06657332937256871	0.0563882398598718	0.05460092975437236	9.793257169845056
1	1388541600000	46					0.026137424264286602
1	1388541600000	49	0.026137424264286602				
1	1388542200000	0	0.0017873101054994376				
1	1388542200000	33	0.003574620210998875				0.0017873101054994376
1	1388542200000	39	0.2963627190623497	0.387653936969405	0.1638882876354172	0.05763677884507152	10.131207074968392
1	1388542800000	0	0.0017873101054994376				
1	1388542800000	39	0.19243729149780311	0.16272524702251764	0.029087774982685617	0.108663088388445	10.600565628938256
1	1388542800000	49	0.026137424264286602				
1	1388543400000	39	0.19297606261810285	0.1917275236329031	0.08136262351125882	0.0825256641241584	9.87574529342252
1	1388543400000	46					0.026137424264286602
1	1388543400000	49	0.026137424264286602				
1	1388544000000	0	0.003574620210998875				
1	1388544000000	39	0.22617722893208708	0.026137424264286602	0.08190139463155853	0.05584946873957208	8.245431193220146
1	1388544600000	39	0.1638882876354172	0.08610028433515728	0.026137424264286602	0.029712044475285478	8.212182069080555
1	1388545200000	39	0.23988898083017773	0.18761413230160454	0.052274848528573205	0.07957531340575938	7.867498655736528
1	1388545800000	0	0.02792473436978604				
1	1388545800000	39	0.05460092975437236	0.0825256641241584	0.0017873101054994376	0.026137424264286602	7.391209815914871
1	1388545800000	46					0.026137424264286602
1	1388545800000	49					0.0017873101054994376
1	1388546400000	0	0.0017873101054994376			0.02730046487718618	
1	1388546400000	39	0.13301320254723217	0.1645125571280171		0.13596355326563117	6.911677932092506
1	1388547000000	39	0.029087774982685617	0.030875085088185057	0.029087774982685617		7.909135142004404
1	1388547600000	39	0.07957531340575938	0.005361930316498313			6.343718340327897
1	1388547600000	46					0.026137424264286602
1	1388547600000	49					0.0017873101054994376
1	1388548200000	0	0.02730046487718618				
1	1388548200000	39	0.06058712956347053	0.005361930316498313	0.05522519924697222	0.055225199246972216	6.634804627446049
1	1388548800000	39	0.030875085088185057	0.0563882398598718	0.0017873101054994376		6.730038239939803
1	1388549400000	0	0.02730046487718618				
1	1388549400000	1	0.0017873101054994376				
1	1388549400000	39		0.026137424264286602	0.026137424264286602	0.029087774982685617	6.042202228240345
1	1388549400000	46					0.026137424264286602
1	1388550000000	0	0.0017873101054994376				
1	1388550000000	39		0.02730046487718618		0.0017873101054994376	6.045691350079045
1	1388550600000	39	0.05701250935247166	0.08019958289835925	0.026137424264286602		5.058381689133147
1	1388551200000	39	0.09262525526455516		0.02730046487718618		5.971563465362084
1	1388551800000	39	0.05460092975437236	0.02730046487718618	0.0017873101054994376		5.3197559317760135
1	1388551800000	46					0.026137424264286602
1	1388552400000	1416	0.02730046487718618				
1	1388552400000	39	0.108663088388445	0.02730046487718618	0.0017873101054994376	0.0017873101054994376	4.996178246208778
1	1388553000000	0	0.052274848528573205				
1	1388553000000	20	0.026137424264286602				
1	1388553000000	39	0.13301320254723217	0.026137424264286602	0.0017873101054994376	0.052274848528573205	5.324531133146606
1	1388553600000	39	0.05406215863407264	0.08368870473705797		0.02792473436978604	5.6802804006128325
1	1388553600000	46					0.026137424264286602
1	1388554200000	0	0.026137424264286602				
1	1388554200000	39		0.1887771729145041	0.0017873101054994376	0.05406215863407264	4.919308548064713
1	1388554800000	39	0.052274848528573205		0.026137424264286602	0.026137424264286602	5.80867898125516
1	1388555400000	0	0.005361930316498313				
1	1388555400000	39	0.026137424264286602	0.09208648414425545	0.026137424264286602	0.052274848528573205	5.496534924185823
1	1388555400000	46					0.026137424264286602
1	1388556000000	39	0.07841227279285981	0.07841227279285981		0.026137424264286602	5.304049674862414
1	1388556600000	39		0.003574620210998875	0.02730046487718618	0.05460092975437236	5.712479105779607
1	1388557200000	39	0.08073835401865896	0.02730046487718618		0.026137424264286602	5.877492893481229
1	1388557800000	39	0.189401442407104	0.026137424264286602			6.169155492266375
1	1388557800000	46					0.026137424264286602
1	1388558400000	0	0.0017873101054994376				
1	1388558400000	39	0.08314993361675826	0.026137424264286602	0.02730046487718618	0.052274848528573205	5.51589088240381
1	1388559000000	0	0.026137424264286602				
1	1388559000000	39	0.10571273767004599	0.05343788914147278		0.026137424264286602	5.673254199109829
1	1388559600000	0	0.2730046487718618				
1	1388559600000	39	0.21142547534009198	0.029712044475285478	0.10687577828294556	0.07841227279285981	5.595050463608265
1	1388559600000	46					0.026137424264286602
1	1388559600000	49					0.0017873101054994376
1	1388560200000	0	0.16147670803731792	0.052274848528573205			
1	1388560200000	39	0.13542478214533146	0.18761413230160454		0.02730046487718618	5.11643554256081
1	1388560800000	0	0.08073835401865896	0.026137424264286602			
1	1388560800000	39	0.23988898083017773	0.320088563728537	0.05343788914147278	0.08073835401865896	6.347539038376887
1	1388561400000	0	0.032662395193684496				
1	1388561400000	39	0.5095755045079411	0.13899940235633035	0.029087774982685617	0.02792473436978604	6.379038392957673
1	1388561400000	46					0.026137424264286602
1	1388562000000	0	0.19351483373840256				
1	1388562000000	39	0.42767410987638255	0.16576109611321682	0.0017873101054994376	0.058175549965371234	6.3682769917779805
1	1388562000000	91				0.0017873101054994376	
1	1388562600000	0	0.26602640509446435				
1	1388562600000	39	0.3378761664112312	0.27504845399426164	0.08198689300385868	0.108663088388445	6.5717321795723755
1	1388563200000	0	0.21142547534009198				
1	1388563200000	20		0.026137424264286602			
1	1388563200000	380				0.026137424264286602	
1	1388563200000	39	0.6479506373716715	0.3005616087659484	0.08198689300385868	0.1342617415324319	7.689631703807208
1	1388563200000	46					0.026137424264286602
1	1388563200000	49					0.003574620210998875
1	1388563800000	0	0.3272378041505347				
1	1388563800000	380				0.026137424264286602	
1	1388563800000	39	0.596214559963398	0.27845207746066025	0.08136262351125882	0.2690622541851635	7.184340587375167
1	1388564400000	0	0.24408787053377645				
1	1388564400000	380				0.026137424264286602	
1	1388564400000	39	0.48933878168045253	0.5158439803204387	0.18528805107580537	0.2963627190623497	6.7216780010793
1	1388564400000	49					0.0017873101054994376
1	1388565000000	0	0.16451255712801707		0.02730046487718618		
1	1388565000000	39	0.8879251165741494	0.19914367645071135	0.29278809885135076	0.3794271543068078	7.9871574634824585
1	1388565000000	49					0.0017873101054994376
1	1388565600000	0	0.13185016193433258				
1	1388565600000	39	0.8336064628231763	0.6355249650054756	0.1110746679865443	0.2499885719705745	9.433004559732726
1	1388565600000	46					0.026137424264286602
1	1388565600000	49	0.05460092975437236				0.0017873101054994376
1	1388566200000	0	0.10633700716264585				
1	1388566200000	39	0.6450002866532725	0.8493620199436669	0.27263687439616235	0.40269972622499556	8.698548323103502
1	1388566200000	48	0.052274848528573205				
1	1388566800000	0	0.08198689300385868	0.026137424264286602			
1	1388566800000	212				0.026137424264286602	
1	1388566800000	380				0.026137424264286602	
1	1388566800000	39	0.7565282273878163	1.2285806369591794	0.22036202586758918	0.38246300339750694	10.212634362294128
1	1388566800000	49		0.02730046487718618			
1	1388566800000	7	0.08190139463155853				
1	1388567400000	0	0.10750004777554543				
1	1388567400000	212				0.026137424264286602	
1	1388567400000	39	1.1272753262840274	1.013837036524989	0.27970061644586	0.5944272498578986	10.058012859015214
1	1388567400000	46					0.026137424264286602
1	1388567400000	48		0.026137424264286602			
1	1388568000000	0	0.2766647673551608				
1	1388568000000	33	0.026137424264286602				
1	1388568000000	39	1.1786318696564053	1.4948155793449391	0.2731756455164621	0.4133380884856919	8.99956320461745
1	1388568600000	0	0.1396236718489302				
1	1388568600000	33	0.0017873101054994376	0.0017873101054994376			
1	1388568600000	39	1.0464139333463733	0.6090935050775935	0.5178022871705382	0.7001399875279446	9.410869247540939
1	1388568600000	40				0.026137424264286602	
1	1388568600000	48	0.052274848528573205				
1	1388569200000	0	0.24525091114667605				
1	1388569200000	212				0.026137424264286602	
1	1388569200000	380				0.026137424264286602	
1	1388569200000	39	1.0672749256664618	0.7233750188994373	0.5885265484211006	0.6015764902798963	9.645812030255923
1	1388569200000	40	0.026137424264286602				
1	1388569200000	46					0.026137424264286602
1	1388569200000	49	0.0017873101054994376				
1	1388569800000	0	0.13596355326563117				
1	1388569800000	39	1.3544445990844138	1.0397179656723752	0.4619528184309662	0.7542021461620172	10.163699815798761
1	1388570400000	0	0.453726035768369	0.052274848528573205			
1	1388570400000	39	1.2167792340855832	0.6747123311285581	0.4335748113131806	0.5938884787375989	11.683332803276791
1	1388570400000	40				0.02730046487718618	
1	1388570400000	49				0.0017873101054994376	
1	1388571000000	0	0.11045039849394443				
1	1388571000000	39	1.2492706325346674	0.85389114347627	0.5689140950862119	0.624763563825784	12.248415783035103
1	1388571000000	41	0.003574620210998875				0.02730046487718618
1	1388571000000	49					0.0017873101054994376
1	1388571600000	0	0.27425318775706153				
1	1388571600000	212				0.026137424264286602	
1	1388571600000	39	0.9294385639230309	1.0893247394859487	0.7868645413557017	0.8212287482825855	11.801715948769738
1	1388571600000	40				0.02730046487718618	
1	1388571600000	46					0.026137424264286602
1	1388572200000	0	0.4641934012844652			0.08073835401865896	
1	1388572200000	39	1.4227197401901819	0.6108808151830929	0.6514397592103702	0.86930470710756	12.151089065112059
1	1388572200000	40	0.052274848528573205				
1	1388572800000	0	0.22385114770628792			0.02730046487718618	
1	1388572800000	39	1.544838085359817	1.0729191319863594	0.8176541280715867	1.1479277813128206	11.148463098567369
1	1388573400000	0	0.1609379369170182				
1	1388573400000	39	1.3515797467383148	1.422928277481477	0.7132754277590405	0.9370786176397234	12.979932086224839
1	1388574000000	0	0.192351793125503			0.05343788914147278	
1	1388574000000	39	1.467759849924457	1.2661037318957575	0.7310150726161297	0.847280674174572	11.72581251360747
1	1388574000000	40	0.026137424264286602				
1	1388574000000	41		0.0017873101054994376			
1	1388574600000	0	0.47977796166035547				
1	1388574600000	380				0.026137424264286602	
1	1388574600000	39	1.6272524702251765	0.8344496868859816	0.7529536071768175	0.9650033520095094	11.692206032371093
1	1388575200000	0	0.26897675581286334				
1	1388575200000	39	1.0132982654046891	0.9775145227480054	0.5707014051917113	0.860453654952363	12.006089441720325
1	1388575200000	49		0.07841227279285981			
1	1388575200000	91				0.0017873101054994376	
1	1388575800000	0	0.10928735788104486				
1	1388575800000	39	1.302340747300441	1.135048836198625	0.7897293937018007	0.522001176874137	11.680356671671891
1	1388575800000	41		0.052274848528573205			
1	1388575800000	46					0.026137424264286602
1	1388575800000	48				0.026137424264286602	
1	1388576400000	0	0.08431297422965783	0.026137424264286602			
1	1388576400000	355	0.02730046487718618				
1	1388576400000	39	1.3646296885971108	1.520499730861226	0.4162029408317909	0.49532498148955073	11.557367979171666
1	1388576400000	41	0.0017873101054994376				
1	1388577000000	0	0.18940144240710396				
1	1388577000000	39	1.1125973114041363	0.8438770507081733	0.6792789952078562	0.5920156702597994	10.813217466324442
1	1388577600000	0	0.16808717733901596		0.0017873101054994376		
1	1388577600000	33	0.008936550527497188				
1	1388577600000	39	1.052058139666271	0.9899401951142014	0.43876574488507863	0.46444989640136564	11.016304879743137
1	1388577600000	49			0.02730046487718618		0.0017873101054994376
1	1388577600000	92			0.026137424264286602		
1	1388578200000	0	0.32822984801883404	0.05343788914147278		0.02730046487718618	
1	1388578200000	39	1.4665113109392576	1.2284951385868794	0.40502580745079464	0.47026509946586353	11.525623889134177
1	1388578200000	41			0.026137424264286602		
1	1388578200000	48	0.026137424264286602				
1	1388578800000	0	0.21375155656589112				
1	1388578800000	32			0.02730046487718618		
1	1388578800000	39	1.0030276775196922	0.6758753717414576	0.49112609178595196	0.3301026564966336	11.84499092533762
1	1388578800000	46					0.026137424264286602
1	1388579400000	0	0.16326401814281735				
1	1388579400000	33	0.0017873101054994376				0.026137424264286602
1	1388579400000	39	1.2012801720819932	0.6818615715505558	0.4435889040812772	0.4673147487474645	12.858780004037001
1	1388579400000	49					0.0017873101054994376
1	1388580000000	0	0.16147670803731792			0.026137424264286602	
1	1388580000000	33		0.0017873101054994376			
1	1388580000000	39	0.9298918366710305	1.1229909382081287	0.4637401285364656	0.6978139063021455	13.112368977105074
1	1388580600000	0	0.13417624316013174			0.052274848528573205	
1	1388580600000	33		0.026137424264286602			
1	1388580600000	39	1.0598691901275634	1.0135805414080885	0.48809024269525275	0.6263798771866831	12.965265831005144
1	1388580600000	40				0.026137424264286602	
1	1388580600000	46					0.026137424264286602
1	1388580600000	49					0.0017873101054994376
1	1388581200000	0	0.2161631361639904				
1	1388581200000	33				0.026137424264286602	
1	1388581200000	39	0.8496067554003712	0.72976653363093	0.3307269259892335	0.5130646263466399	13.414120749751707
1	1388581800000	0	0.1887771729145041				
1	1388581800000	39	0.8383441236470748	0.570530408447111	0.32241464495433614	0.6965653673169457	11.906068868195785
1	1388581800000	40			0.026137424264286602	0.05343788914147278	
1	1388582400000	0	0.21383705493819127	0.026137424264286602		0.003574620210998875	
1	1388582400000	39	0.8141650062328878	0.5521664940974221	0.30092938314164785	0.32598926516533494	13.131613656064262
1	1388582400000	40				0.08073835401865896	
1	1388582400000	46					0.026137424264286602
1	1388583000000	0	0.16272524702251764			0.0017873101054994376	
1	1388583000000	32			0.02730046487718618		
1	1388583000000	39	0.676952913982057	0.5658782459955127	0.3799659254271075	0.32536499567273514	13.024285947414603
1	1388583000000	41	0.02730046487718618				
1	1388583600000	0	0.11098916961424417			0.052274848528573205	
1	1388583600000	20				0.026137424264286602	
1	1388583600000	39	0.5332638086274333	0.46212381517556644	0.40672761918399397	0.3574886197461199	13.743279320205648
1	1388583600000	49					0.0017873101054994376
1	1388584200000	0	0.08314993361675825				
1	1388584200000	20				0.026137424264286602	
1	1388584200000	39	0.7512517954436183	0.45023691392967025	0.2974402613029491	0.4370639331518793	12.576619850167436
1	1388584200000	41					0.02730046487718618
1	1388584200000	44				0.02730046487718618	
1	1388584800000	0	0.08610028433515728			0.026137424264286602	
1	1388584800000	39	0.832614418954877	0.3320609633467333	0.3532897300425212	0.2737999150090619	11.988178800118638
1	1388584800000	41				0.0017873101054994376	
1	1388584800000	49					0.0017873101054994376
1	1388585400000	0	0.08136262351125882				
1	1388585400000	39	0.6686406329471597	0.5456415231680242	0.2981500291678491	0.5991649106817971	12.596232303502326
1	1388585400000	44				0.02730046487718618	
1	1388586000000	0	0.08431297422965783				
1	1388586000000	39	0.5266533393257352	0.6437517476680727	0.11223770859944388	0.35811288923871976	10.962610495484764
1	1388586600000	0	0.1870753611813048			0.026137424264286602	
1	1388586600000	39	0.9157643525716354	0.35811288923871976	0.29752575967524925	0.3272378041505347	12.053183773955912
1	1388586600000	46					0.026137424264286602
1	1388587200000	0	0.07841227279285981				
1	1388587200000	33				0.026137424264286602	
1	1388587200000	39	0.6194016335092857	0.4103022393949929	0.45721515760706777	0.3248262245524354	9.991424166035056
1	1388587800000	0	0.16442705875571695				
1	1388587800000	39	0.7166790512254392	1.143925669240321	0.4939909441320508	0.3313511954818333	11.626720662518032
1	1388588400000	0	0.09146221465165559			0.033286664686284356	
1	1388588400000	39	0.5279873766832353	0.48630293258975327	0.3859521252362057	0.5006014134337489	10.115916550256097
1	1388588400000	46					0.026137424264286602
1	1388589000000	0	0.2190279885100893	0.02730046487718618			
1	1388589000000	39	0.6868815083778534	0.517631290425938	0.30405073060464716	0.7018417992611439	10.349759613791374
1	1388589000000	41		0.02730046487718618			
1	1388589600000	0	0.05996286007087068				
1	1388589600000	377	0.052274848528573205				
1	1388589600000	39	0.6080159628369941	0.29931306978074873	0.3592759298516193	0.30172464937884796	10.389459970148259
1	1388590200000	0	0.193061560990403			0.00714924042199775	
1	1388590200000	39	0.956029260935317	0.4357298957943794	0.4150399002188913	0.3419895577425298	11.152379712267566
1	1388590200000	41	0.08190139463155853	0.02730046487718618	0.02730046487718618		
1	1388590200000	46					0.026137424264286602
1	1388590800000	0	0.22438991882658763			0.026137424264286602	
1	1388590800000	39	0.6200259030018855	0.5420669029570252	0.3800514237994076	0.40967796990239297	11.373195010883157
1	1388591400000	0	0.24283933154857673	0.02730046487718618		0.026137424264286602	
1	1388591400000	385	0.026137424264286602				
1	1388591400000	39	0.6816905748059554	0.6467020983864719	0.5486773722587233	0.6757898733691574	10.986948849983357
1	1388591400000	41		0.026137424264286602			
1	1388591400000	48			0.026137424264286602		
1	1388592000000	0	0.08136262351125882				
1	1388592000000	39	0.7338799249622285	0.4275886115040824	0.4666904792548646	0.5178022871705382	11.706701290846187
1	1388592000000	53		0.0017873101054994376			
1	1388592600000	0	0.05460092975437236				
1	1388592600000	39	0.5237884869796365	0.40851492928949346	0.3777253425736085	0.4905873206656522	14.19694429610693
1	1388592600000	46					0.026137424264286602
1	1388593200000	0	0.13301320254723217				
1	1388593200000	39	0.7310150726161296	0.3396634765167307	0.5475143316458237	0.7512517954436183	12.072613470886004
1	1388593800000	0	0.239350209709878				
1	1388593800000	39	0.6591277707526677	0.3931013656582034	0.6728395226507584	0.6259266044386835	11.333297876895173
1	1388594400000	0	0.21670190728429015				
1	1388594400000	39	0.7909779326870003	0.46186732005866604	0.5403650912238259	0.7623434304523142	11.422887283069029
1	1388594400000	46					0.026137424264286602
1	1388595000000	0	0.45605211699416814				
1	1388595000000	39	0.8569645331136643	0.4357298957943794	0.4815652717658549	0.7255676439273312	11.735948302913277
1	1388595000000	49					0.026137424264286602
1	1388595600000	0	0.05701250935247166			0.026137424264286602	
1	1388595600000	39	0.6223519842276846	0.710692851416341	0.46195281843096614	0.596838829455998	11.877653320531305
1	1388596200000	0	0.23988898083017773				
1	1388596200000	39	0.7025515671260438	0.5438542130625247	0.48630293258975327	0.7589398069859158	15.14892348714414
1	1388596200000	46					0.026137424264286602
1	1388596800000	0	0.1917275236329031				
1	1388596800000	39	0.46008000995316656	0.5296036900441343	0.30163915100654787	0.6477796406270713	13.358685670832154
1	1388597400000	0	0.07957531340575938				
1	1388597400000	39	0.6014909919075961	0.5855761977027015	0.36392809230321765	0.49095509504135165	12.854227361184005
1	1388597400000	41		0.003574620210998875			
1	1388598000000	0	0.3235776855672357	0.0017873101054994376			
1	1388598000000	357	0.026137424264286602				
1	1388598000000	39	0.5159294786927386	0.35802739086641966	0.6792789952078562	0.5272776088183352	13.648364181880702
1	1388598000000	46					0.026137424264286602
1	1388598600000	0	0.08073835401865896				
1	1388598600000	39	0.5468900621532239	0.40789065979689354	0.5166392465576387	0.5949660209781984	11.823505663524932
1	1388599200000	0	0.08019958289835925				
1	1388599200000	39	0.5651684781306128	0.4595412388328669	0.46490316914936525	0.4328650434482806	11.213014799656642
1	1388599200000	49		0.026137424264286602			0.02730046487718618
1	1388599800000	0	0.2974402613029491			0.026137424264286602	
1	1388599800000	39	0.6627023909636667	0.4684777893603641	0.30226342049914773	0.5290649189238346	14.429877210198814
1	1388599800000	49					0.02730046487718618
1	1388600400000	0	0.18645109168870494			0.052274848528573205	
1	1388600400000	380				0.026137424264286602	
1	1388600400000	39	0.7221640204609326	0.5949660209781984	0.37772534257360846	0.6253023349460837	13.282830193495494
1	1388600400000	46					0.026137424264286602
1	1388600400000	49					0.08073835401865896
1	1388601000000	0	0.1383751328637305				
1	1388601000000	39	0.7773037213356047	0.3563255791332204	0.3249117229247356	0.7048776483518431	15.249578747440193
1	1388601600000	0	0.21491459717879072			0.10687577828294556	
1	1388601600000	39	0.5812542690801077	0.42094060165568936	0.3628505500626182	0.40797615816919364	13.612163364641427
1	1388602200000	0	0.08136262351125882			0.026137424264286602	
1	1388602200000	39	0.5705304084471111	0.5015934573020482	0.22098629536018902	0.41200405112819216	12.575578506092246
1	1388602200000	46					0.026137424264286602
1	1388602800000	0	0.08136262351125882			0.026137424264286602	
1	1388602800000	39	0.8336064628231763	0.4072663903042937	0.22143956810818857	0.29752575967524925	13.072935533144001
1	1388602800000	46	0.026137424264286602				
1	1388603400000	0	0.16326401814281735				
1	1388603400000	30	0.02730046487718618				
1	1388603400000	380				0.02730046487718618	
1	1388603400000	39	0.3658009007810173	0.3544527706554208	0.37593803246810903	0.5640909358900132	13.89049374556438
1	1388604000000	0	0.18823840179420437			0.026137424264286602	
1	1388604000000	380		0.026137424264286602			
1	1388604000000	39	0.5237029886073363	0.3117387421469446	0.2707640659183628	0.5707014051917113	13.255764046796102
1	1388604000000	46					0.026137424264286602
1	1388604000000	49					0.02730046487718618
1	1388604600000	0	0.18591232056840523				
1	1388604600000	39	0.8128309688753881	0.706408463340442	0.384703586251006	0.49112609178595196	12.87742619439009
1	1388605200000	0	0.16156220640961808			0.05460092975437236	
1	1388605200000	39	0.6850941982723541	0.8097951197846889	0.6507299913454703	0.5665025154881126	12.377912740475852
1	1388605800000	0	0.13596355326563117			0.05460092975437236	
1	1388605800000	39	0.9332954601374293	1.1941309316599955	0.4031529989729951	0.3740652239903095	12.153560362195957
1	1388605800000	49			0.02730046487718618		
1	1388606400000	0	0.13301320254723217				
1	1388606400000	39	0.5717789474323107	0.7959978695142982	0.2671894457073639	0.49220363402655143	11.962922140463853
1	1388606400000	46					0.026137424264286602
1	1388606400000	48				0.026137424264286602	
1	1388607000000	0	0.3027166932471473				
1	1388607000000	39	0.5985406411891973	0.7433552466100255	0.4631158590438658	0.5764311098839091	12.762691407820249
1	1388607000000	41					0.02730046487718618
1	1388607000000	90			0.026137424264286602		
1	1388607600000	0	0.2671894457073639				
1	1388607600000	39	0.7433552466100255	0.5034662657798478	0.3526654605499213	0.2998518409010484	12.432918985152618
1	1388608200000	0	0.11340074921234344				
1	1388608200000	32			0.0017873101054994376		
1	1388608200000	33			0.02730046487718618		
1	1388608200000	39	1.0329364996260768	0.6287059584124823	0.2446266416540762	0.301014881513948	14.976526140842727
1	1388608200000	44			0.026137424264286602		
1	1388608200000	46					0.026137424264286602
1	1388608800000	0	0.05406215863407264				
1	1388608800000	39	0.6885833201110528	0.3562400807609202	0.11581232881044275	0.2701397964257629	14.500360339940066
1	1388609400000	0	0.0825256641241584				
1	1388609400000	32			0.0017873101054994376		
1	1388609400000	39	0.536704972640527	0.7051599243552424	0.23872594021727817	0.236399858991479	12.854584718280798
1	1388610000000	0	0.1655900993686165				
1	1388610000000	33		0.026137424264286602			
1	1388610000000	357	0.026137424264286602				
1	1388610000000	39	0.3301881548689337	0.3503393793241222	0.0854760148425574	0.2451654127743759	13.332414790369961
1	1388610000000	46					0.026137424264286602
1	1388610600000	0	0.08073835401865896				
1	1388610600000	33			0.02730046487718618		
1	1388610600000	39	0.4351911246740797	0.5153052092001388	0.10687577828294556	0.10687577828294556	13.147800308993649
1	1388610600000	49			0.026137424264286602		
1	1388611200000	0	0.10928735788104486				
1	1388611200000	39	0.33188996660213305	0.30405073060464716	0.05701250935247166	0.10687577828294556	13.280690472621885
1	1388611800000	39	0.36384259393091756	0.3556158112683203	0.10571273767004599	0.10750004777554543	14.500103844823165
1	1388612400000	0	0.05460092975437236				
1	1388612400000	39	0.2446266416540762	0.24167629093567716	0.13712659387853077	0.08368870473705797	14.600919684584909
1	1388612400000	46					0.026137424264286602
1	1388613000000	0	0.029087774982685617				
1	1388613000000	39	0.3324287377224328	0.32536499567273514	0.21258851595299155	0.13417624316013174	11.954182367567453
1	1388613600000	0	0.05584946873957208				
1	1388613600000	33		0.02730046487718618			
1	1388613600000	39	0.4305389622224814	0.2761259962348611	0.16272524702251764	0.1383751328637305	11.65108614028441
1	1388613600000	420		0.02730046487718618			
1	1388614200000	39	0.4595412388328669	0.32590376679303484	0.030875085088185057	0.13417624316013174	11.29413629165859
1	1388614200000	46					0.026137424264286602
1	1388614800000	0	0.05406215863407264				
1	1388614800000	39	0.5729419880452103	0.4193242882947902	0.05522519924697222	0.08314993361675826	11.345504594691164
1	1388615400000	39	0.21500009555109084	0.1745266498961137	0.1400769445969298	0.0017873101054994376	11.299546179800695
1	1388616000000	39	0.24882553135767493	0.32008856372853695	0.02730046487718618	0.02730046487718618	10.401143280431537
1	1388616000000	46					0.026137424264286602
1	1388616600000	0				0.026137424264286602	
1	1388616600000	39	0.2730901471441619	0.13596355326563117	0.003574620210998875	0.02730046487718618	10.6940272949341
10	1388530800000	0	0.25787780159360496			0.020347981244666986	
10	1388530800000	1				0.014125729252368662	
10	1388530800000	33			0.02865308906595611		
10	1388530800000	359	0.010173990622333493	0.04900107031062309			
10	1388530800000	39	3.046476729058617	4.410843509018614	1.7547467481665577	1.9210543906980357	6.455762842284731
10	1388530800000	41			0.010173990622333493		
10	1388530800000	49		0.028251458504737325			
10	1388531400000	0	0.02865308906595611			0.014125729252368662	
10	1388531400000	355				0.014125729252368662	
10	1388531400000	39	4.2802365407013765	5.0347489279547295	1.4779619020734374	1.4737741183819069	10.354687883117302
10	1388531400000	48			0.02865308906595611		
10	1388531400000	49					0.028251458504737325
10	1388532000000	0	0.02865308906595611	0.13869810311058017		0.010173990622333493	
10	1388532000000	31				0.010173990622333493	
10	1388532000000	355				0.014125729252368662	
10	1388532000000	39	3.593579637268814	3.571122484700482	0.5795200783729156	0.9050920217487127	9.53817464150059
10	1388532000000	48	0.02865308906595611	0.02865308906595611			
10	1388532000000	49	0.020347981244666986				0.07143190738428087
10	1388532600000	0	0.02865308906595611			0.05730617813191222	
10	1388532600000	355			0.014125729252368662		
10	1388532600000	385			0.02865308906595611		
10	1388532600000	39	3.0321107112836283	2.0489628995971176	0.5641410699086679	0.5097693962564068	8.796407370275482
10	1388532600000	41	0.010173990622333493				
10	1388532600000	49		0.010173990622333493			0.08555763663664954
10	1388533200000	0	0.11212786987361485			0.010173990622333493	
10	1388533200000	39	2.6280372033417168	4.90321985142506	0.38391742769164205	0.4082171475663442	8.951007553844155
10	1388533200000	40				0.010173990622333493	
10	1388533200000	48	0.02865308906595611		0.02865308906595611		
10	1388533200000	49	0.014125729252368662				0.030521971867000477
10	1388533800000	0	0.1164812390648688	0.14326544532978056			
10	1388533800000	373				0.02865308906595611	
10	1388533800000	385			0.02865308906595611		
10	1388533800000	39	1.6747957599330414	1.6012589246862208	0.1952010201200548	0.23069196476747444	8.964667085553153
10	1388533800000	44			0.010173990622333493		
10	1388533800000	49	0.020347981244666986	0.024299719874702155			
10	1388534400000	0	0.20244050626273713				
10	1388534400000	359	0.010173990622333493				
10	1388534400000	39	1.4576139208287704	1.4579934793564404	0.16716353464326392	0.15055331900068566	7.893927168929224
10	1388534400000	40				0.0388270796882896	
10	1388534400000	49	0.014125729252368662				
10	1388535000000	0	0.09800214062124618				
10	1388535000000	39	1.182488227969873	0.7248683795316869	0.13060696831723748	0.1287380855161931	7.2127580668097995
10	1388535600000	0	0.034473710497035646				
10	1388535600000	39	0.8758233290935915	0.8130981600918186	0.0776541593765792	0.18564263308688655	8.028827182916688
10	1388536200000	0	0.02865308906595611				
10	1388536200000	39	0.759529747561995	0.8133121331197649	0.06934905155529009	0.19413539844144803	7.655432745419249
10	1388536200000	49	0.02865308906595611				
10	1388536800000	0	0.05730617813191222				
10	1388536800000	39	0.4023965261352647	0.34322146520230806	0.0878281499989127	0.2859152870703958	7.311498901571332
10	1388537400000	39	0.4159066517984681	0.22860910893848366	0.1164812390648688	0.06312679956299175	8.167397952015023
10	1388537400000	49	0.02865308906595611				
10	1388538000000	0	0.020347981244666986				
10	1388538000000	32					0.02865308906595611
10	1388538000000	39	0.3550766810924136	0.37360416706425903	0.04900107031062309	0.030521971867000477	6.7210661384357975
10	1388538000000	49	0.02865308906595611				
10	1388538600000	0	0.010173990622333493				
10	1388538600000	39	0.36610232036540746	0.34348382575847736	0.0388270796882896		7.886677546745798
10	1388539200000	0	0.010173990622333493				
10	1388539200000	39	0.30732888999366964	0.2560573063207834	0.07952304217762357	0.0388270796882896	7.405387961523944
10	1388539800000	0	0.04069596248933397				
10	1388539800000	39	0.26850181030538006	0.27888977395566	0.034473710497035646	0.11212786987361484	6.755854840478349
10	1388540400000	0	0.010173990622333493				
10	1388540400000	39	0.28946539513921227	0.2560573063207834	0.09613325782020182	0.04464770111936914	6.645044816798768
10	1388541000000	0	0.05730617813191222				
10	1388541000000	39	0.4030605172526527	0.21536134383144945	0.05917506093295659	0.10630724844253531	6.576708755932735
10	1388541600000	39	0.33037533065649266	0.12793482439375553	0.020347981244666986	0.020347981244666986	6.357860071062563
10	1388541600000	46					0.02865308906595611
10	1388541600000	49	0.02865308906595611				
10	1388542200000	39	0.273872413647018	0.2967532688101173	0.1164812390648688	0.05730617813191222	6.000246272590591
10	1388542800000	39	0.20599061433155352	0.16321179601322874	0.010173990622333493	0.0776541593765792	6.388468681945264
10	1388542800000	49	0.02865308906595611				
10	1388543400000	39	0.1266552296872023	0.11794849130469438	0.08160589800661437	0.04900107031062309	6.191285824513789
10	1388543400000	46					0.02865308906595611
10	1388543400000	49	0.02865308906595611				
10	1388544000000	39	0.18462539893650254	0.18403611084201138	0.030521971867000477	0.05730617813191222	4.920043094871447
10	1388544600000	39	0.2294870730838181	0.1196297165724664	0.02865308906595611	0.02865308906595611	4.810325008365144
10	1388545200000	39	0.22633859557622052	0.1690324174443083	0.05730617813191222	0.06748016875424571	4.916470914769081
10	1388545800000	0	0.02865308906595611				
10	1388545800000	39	0.034473710497035646	0.04900107031062309		0.04277881831832477	4.394230699033404
10	1388545800000	46					0.02865308906595611
10	1388546400000	0				0.010173990622333493	
10	1388546400000	39	0.10630724844253531	0.13496033750849143		0.0878281499989127	4.285818522728329
10	1388547000000	39	0.010173990622333493	0.024299719874702155	0.010173990622333493	0.014125729252368662	5.1139687637460725
10	1388547600000	39	0.06748016875424571				3.7412705604701135
10	1388547600000	46					0.02865308906595611
10	1388548200000	0	0.010173990622333493				
10	1388548200000	39	0.0388270796882896		0.0388270796882896	0.0388270796882896	3.844568601410101
10	1388548800000	39	0.010173990622333493	0.020347981244666986	0.014125729252368662		3.8749996908002746
10	1388549400000	0	0.010173990622333493				
10	1388549400000	39		0.02865308906595611	0.02865308906595611	0.010173990622333493	3.596087844811066
10	1388549400000	46					0.02865308906595611
10	1388550000000	39		0.010173990622333493			3.4135189862088797
10	1388550600000	39	0.0388270796882896	0.08595926719786832	0.02865308906595611		2.929403607556625
10	1388551200000	39	0.030521971867000477	0.014125729252368662	0.010173990622333493		3.4579790297949766
10	1388551800000	39	0.020347981244666986	0.010173990622333493	0.014125729252368662		3.0464257471877625
10	1388551800000	46					0.02865308906595611
10	1388552400000	1416	0.010173990622333493				
10	1388552400000	39	0.0776541593765792	0.010173990622333493			2.902571013763491
10	1388553000000	0	0.05730617813191222				
10	1388553000000	20	0.02865308906595611				
10	1388553000000	39	0.12043297769490396	0.04277881831832477	0.014125729252368662	0.05730617813191222	3.144641860836955
10	1388553600000	39	0.07143190738428087	0.0587734303717378		0.02865308906595611	3.26024513575649
10	1388553600000	46					0.02865308906595611
10	1388554200000	0	0.02865308906595611				
10	1388554200000	39		0.10817613124357969		0.05730617813191222	3.2213314170524985
10	1388554200000	64					0.014125729252368662
10	1388554800000	39	0.07143190738428087		0.02865308906595611	0.02865308906595611	3.7831756581042293
10	1388555400000	39	0.02865308906595611	0.06748016875424571	0.02865308906595611	0.05730617813191222	3.4307227334070745
10	1388555400000	46					0.02865308906595611
10	1388555400000	593				0.014125729252368662	
10	1388556000000	39	0.08595926719786832	0.10008499645023698		0.02865308906595611	3.427247328361155
10	1388556600000	0	0.028251458504737325				
10	1388556600000	39	0.014125729252368662		0.010173990622333493	0.020347981244666986	3.6537735814706482
10	1388556600000	593			0.014125729252368662		
10	1388557200000	39	0.04900107031062309	0.010173990622333493	0.014125729252368662	0.02865308906595611	3.5220746759801296
10	1388557800000	39	0.14078095893957096	0.05690454757069344			3.959372858668323
10	1388557800000	46					0.02865308906595611
10	1388558400000	39	0.06748016875424571	0.02865308906595611	0.010173990622333493	0.05730617813191222	3.3539202226811557
10	1388559000000	0	0.02865308906595611				
10	1388559000000	39	0.12438471632493915	0.0388270796882896		0.02865308906595611	3.446503372432541
10	1388559600000	0	0.10173990622333494				
10	1388559600000	39	0.19226651564040365	0.02865308906595611	0.0776541593765792	0.08595926719786832	3.7011197420081734
10	1388559600000	46					0.02865308906595611
10	1388560200000	0	0.09800214062124618	0.05730617813191222			
10	1388560200000	39	0.13891207613852657	0.14078095893957096		0.010173990622333493	3.2299634524121097
10	1388560800000	0	0.06312679956299176	0.02865308906595611			
10	1388560800000	39	0.19808713707148318	0.2840464042693515	0.0388270796882896	0.04900107031062309	3.8171467195224746
10	1388561400000	0	0.024299719874702155				
10	1388561400000	39	0.45201320003505296	0.1671635346432639	0.024299719874702155	0.02865308906595611	3.9305541841026432
10	1388561400000	46					0.02865308906595611
10	1388562000000	0	0.10382276205232573				
10	1388562000000	39	0.46386841592515843	0.17191853439573665	0.014125729252368662	0.020347981244666986	3.6726016794861414
10	1388562600000	0	0.21261449688507061				
10	1388562600000	39	0.256860567443221	0.26805179221593844	0.08595926719786832	0.0776541593765792	4.288730955174431
10	1388563200000	0	0.19226651564040365				
10	1388563200000	20		0.02865308906595611			
10	1388563200000	380				0.02865308906595611	
10	1388563200000	39	0.6289490947394316	0.30647724134300924	0.08595926719786832	0.14326544532978056	4.4167744906174375
10	1388563200000	46					0.02865308906595611
10	1388563800000	0	0.26992067501698286				
10	1388563800000	380				0.02865308906595611	
10	1388563800000	39	0.4640560734584308	0.15717720155420278	0.06748016875424571	0.24957269377231586	3.9821747673474
10	1388564400000	0	0.2165662355151058				
10	1388564400000	380				0.02865308906595611	
10	1388564400000	39	0.4005276433342203	0.2954736741035641	0.16361342657444755	0.2597466843946493	3.6298449332013654
10	1388565000000	0	0.13496033750849143		0.010173990622333493		
10	1388565000000	39	0.8400963393846766	0.12043297769490396	0.2597466843946493	0.2859152870703958	4.658042076568464
10	1388565600000	0	0.13891207613852657				
10	1388565600000	39	0.5741010875030549	0.6137577438084562	0.09613325782020182	0.19373376788022922	5.285305702578999
10	1388565600000	46					0.02865308906595611
10	1388565600000	49	0.020347981244666986				
10	1388566200000	0	0.11461235626382443				
10	1388566200000	39	0.6050510054259481	0.8245033578924823	0.24957269377231586	0.4167362284155797	4.751498947004059
10	1388566200000	48	0.05730617813191222				
10	1388566800000	0	0.08595926719786832	0.02865308906595611			
10	1388566800000	212				0.02865308906595611	
10	1388566800000	380				0.02865308906595611	
10	1388566800000	39	0.6652916880375116	0.9252260299654333	0.19226651564040365	0.30874775470527244	5.801034990271534
10	1388566800000	49		0.010173990622333493			
10	1388566800000	7	0.030521971867000477				
10	1388567400000	0	0.09613325782020182				
10	1388567400000	212				0.02865308906595611	
10	1388567400000	39	1.032764485586299	0.8568942125605272	0.22238685694618535	0.4640560734584308	5.448277210069606
10	1388567400000	46					0.02865308906595611
10	1388567400000	48		0.02865308906595611			
10	1388568000000	0	0.17130293080657144				
10	1388568000000	33	0.02865308906595611				
10	1388568000000	39	0.8450873841986445	1.323033141847949	0.21261449688507061	0.3330474745799746	4.937329237624217
10	1388568600000	0	0.1573911745821492				
10	1388568600000	39	0.8398823663567302	0.3586004736665559	0.3780968062605625	0.5601893312786327	5.6185934656815935
10	1388568600000	40				0.02865308906595611	
10	1388568600000	48	0.05730617813191222				
10	1388569200000	0	0.18396140781911452				
10	1388569200000	212				0.02865308906595611	
10	1388569200000	380				0.02865308906595611	
10	1388569200000	39	0.9522242092582914	0.6025665190357387	0.5151399995980448	0.4640560734584308	5.5934641691897795
10	1388569200000	40	0.02865308906595611				
10	1388569200000	46					0.02865308906595611
10	1388569800000	0	0.0878281499989127				
10	1388569800000	39	1.0739104661650747	0.7192354156338798	0.334916357381019	0.6457469679152822	6.154129834052528
10	1388570400000	0	0.3947070219031408	0.05730617813191222			
10	1388570400000	39	0.9850166944875551	0.6054526359871669	0.39865876053317595	0.5433914581027821	6.585812881415338
10	1388570400000	40				0.010173990622333493	
10	1388571000000	0	0.09177988862894786				
10	1388571000000	39	0.8701903651957843	0.5925801859466775	0.48213354134083464	0.5111882609680096	6.958137453773043
10	1388571000000	41					0.010173990622333493
10	1388571600000	0	0.13869810311058017				
10	1388571600000	212				0.02865308906595611	
10	1388571600000	39	0.7807073054237736	0.6906307140961465	0.641795229285247	0.582406195324344	6.27829209042727
10	1388571600000	40				0.010173990622333493	
10	1388571600000	46					0.02865308906595611
10	1388572200000	0	0.24252086516290589			0.04900107031062309	
10	1388572200000	39	0.991024973451907	0.40097766142366187	0.517008882399089	0.6212332750126336	6.356182294865343
10	1388572200000	40	0.05730617813191222				
10	1388572800000	0	0.1368292203095358			0.010173990622333493	
10	1388572800000	39	1.0288348189898127	0.7065769386213367	0.5965319245767127	0.9034107964809407	6.046110801386421
10	1388573400000	0	0.13496033750849143				
10	1388573400000	39	1.0913239429300905	1.260971963963564	0.6634228052364672	0.7908812960461071	7.233590074170262
10	1388574000000	0	0.10817613124357969			0.0388270796882896	
10	1388574000000	39	1.0635225025147945	1.0890534295678274	0.5986147804057035	0.5838734475641696	6.63952056395021
10	1388574000000	40	0.02865308906595611				
10	1388574600000	0	0.36792281563822904				
10	1388574600000	380				0.02865308906595611	
10	1388574600000	39	1.4626092091038636	0.7834541523701524	0.5805373125232997	0.8336601143644319	6.5844365116523385
10	1388575200000	0	0.19413539844144803			0.014125729252368662	
10	1388575200000	39	1.077486889728565	0.9325402191310126	0.48213354134083464	0.6907962995958701	6.913392977597228
10	1388575200000	49		0.08595926719786832			
10	1388575800000	0	0.09613325782020182				
10	1388575800000	39	1.21223325420911	1.1783751473012396	0.5537531062583878	0.42482736320892245	6.804365197702988
10	1388575800000	41		0.05730617813191222			
10	1388575800000	46					0.02865308906595611
10	1388575800000	48				0.02865308906595611	
10	1388576400000	0	0.06312679956299176	0.02865308906595611			
10	1388576400000	355	0.010173990622333493				
10	1388576400000	39	1.054365746042845	1.4723331816367553	0.2732568100578528	0.40488101252547426	6.573319989902517
10	1388577000000	0	0.1266552296872023				
10	1388577000000	39	0.793200196936593	0.7088737674782739	0.4760989468818087	0.4597027042671769	5.9986032988102975
10	1388577600000	0	0.13496033750849143				
10	1388577600000	33	0.014125729252368662				
10	1388577600000	39	0.7213666589910934	0.8912286530525133	0.33016135762854626	0.40883275115550943	6.522427964757301
10	1388577600000	49			0.010173990622333493		
10	1388577600000	92			0.02865308906595611		
10	1388578200000	0	0.14056698591162453	0.0388270796882896		0.010173990622333493	
10	1388578200000	39	1.1536958688988674	1.0392974856629895	0.35152657302359724	0.3164372589373963	6.9211351128187
10	1388578200000	41			0.02865308906595611		
10	1388578200000	48	0.02865308906595611				
10	1388578800000	0	0.1835597772578957				
10	1388578800000	32			0.010173990622333493		
10	1388578800000	39	0.9568399390057147	0.8694881225909177	0.4711562895960636	0.252507198251967	6.673239400853031
10	1388578800000	46					0.02865308906595611
10	1388579400000	0	0.09800214062124618				
10	1388579400000	33					0.02865308906595611
10	1388579400000	39	1.1269379781286297	0.732584199258485	0.3388680960110541	0.34904208663338765	7.506637154661293
10	1388580000000	0	0.11212786987361484			0.02865308906595611	
10	1388580000000	39	0.7448147302151351	0.9729738210641772	0.334916357381019	0.5971475281658779	7.118903014883541
10	1388580600000	0	0.0878281499989127			0.05730617813191222	
10	1388580600000	33		0.02865308906595611			
10	1388580600000	39	0.743535135508582	0.7047080558202924	0.34944371719460643	0.40031367030627385	7.3107942154574
10	1388580600000	40				0.02865308906595611	
10	1388580600000	46					0.02865308906595611
10	1388581200000	0	0.17378741719678104				
10	1388581200000	33				0.02865308906595611	
10	1388581200000	39	0.5751667091816617	0.5334051250137208	0.24273483819085234	0.39657590470418513	7.941686896020773
10	1388581800000	0	0.10817613124357969				
10	1388581800000	39	0.5697477183118009	0.3995104091838363	0.24708820738210627	0.5601893312786327	7.188389536491819
10	1388581800000	40			0.02865308906595611	0.0388270796882896	
10	1388582400000	0	0.22487134333639489	0.02865308906595611			
10	1388582400000	39	0.7367235954217924	0.3893364185615028	0.13039299528929105	0.24708820738210627	7.850645701532109
10	1388582400000	40				0.04900107031062309	
10	1388582400000	46					0.02865308906595611
10	1388583000000	0	0.1490860667608601				
10	1388583000000	32			0.010173990622333493		
10	1388583000000	39	0.5836857900308972	0.44517534445358947	0.234831360930782	0.22860910893848366	8.218851300641564
10	1388583000000	41	0.010173990622333493				
10	1388583600000	0	0.054821691741702636			0.05730617813191222	
10	1388583600000	20				0.02865308906595611	
10	1388583600000	39	0.4019948955740459	0.48816813579986057	0.2819635484403607	0.289867025700431	8.205786949606676
10	1388584200000	0	0.08160589800661437				
10	1388584200000	20				0.02865308906595611	
10	1388584200000	39	0.7066032541160108	0.5490244220005892	0.19995601987252754	0.3290957359499394	7.440034950052382
10	1388584200000	41					0.010173990622333493
10	1388584200000	44				0.010173990622333493	
10	1388584800000	0	0.06312679956299175			0.04277881831832477	
10	1388584800000	39	0.7458319643655192	0.33513033040896545	0.27138792725680844	0.24521932458106188	7.008583704289943
10	1388585400000	0	0.06748016875424571			0.014125729252368662	
10	1388585400000	39	0.5880391592221512	0.4219412462574941	0.2597466843946493	0.4597027042671769	7.953316202890126
10	1388585400000	44				0.010173990622333493	
10	1388586000000	0	0.04900107031062309				
10	1388586000000	39	0.5062939912104872	0.5963442670434403	0.13415707638605384	0.28009466563931634	7.094204107956685
10	1388586600000	0	0.19186488507918487			0.02865308906595611	
10	1388586600000	39	0.8556893208768709	0.36484904115352834	0.2412675859510267	0.2840464042693515	7.694661455668759
10	1388586600000	46					0.02865308906595611
10	1388587200000	0	0.08595926719786832			0.014125729252368662	
10	1388587200000	33				0.02865308906595611	
10	1388587200000	39	0.5535654487251156	0.33846646544983533	0.3675211850770102	0.26556730582572885	6.317137793078555
10	1388587800000	0	0.07952304217762357				
10	1388587800000	39	0.5242967560699943	0.6262243198266015	0.3548627080644672	0.24708820738210627	7.094553107528556
10	1388588400000	0	0.06312679956299175			0.02865308906595611	
10	1388588400000	39	0.4715579201572824	0.40594663420408106	0.2533104593744046	0.34944371719460643	6.525120380762271
10	1388588400000	46					0.02865308906595611
10	1388589000000	0	0.09987102342229055	0.010173990622333493			
10	1388589000000	39	0.42608064242080157	0.2954736741035641	0.23691421675977278	0.5047520359477649	5.827685819111014
10	1388589000000	41		0.010173990622333493			
10	1388589600000	0	0.020347981244666986				
10	1388589600000	377	0.05730617813191222				
10	1388589600000	39	0.446642596693415	0.3260219614652387	0.27574129644806233	0.2597466843946493	6.152004483274933
10	1388590200000	0	0.18209252501807013				
10	1388590200000	39	0.8017192777858286	0.33558034849840696	0.2917359085014754	0.1916509120512384	6.7622605065427965
10	1388590200000	41	0.030521971867000477	0.010173990622333493	0.010173990622333493		
10	1388590200000	46					0.02865308906595611
10	1388590800000	0	0.11399675267465922			0.02865308906595611	
10	1388590800000	39	0.5861702764211068	0.43606697550986273	0.3043943855140185	0.27761017924910675	6.777377154450875
10	1388591400000	0	0.1654823093754919	0.010173990622333493		0.02865308906595611	
10	1388591400000	385	0.02865308906595611				
10	1388591400000	39	0.5087037745778	0.5213622515903431	0.43064798464000204	0.5597877007174139	6.170430950729207
10	1388591400000	41		0.02865308906595611			
10	1388591400000	48			0.02865308906595611		
10	1388592000000	0	0.06748016875424571			0.014125729252368662	
10	1388592000000	39	0.5105726573788444	0.394305391341922	0.3164372589373963	0.3780968062605625	6.692998094003206
10	1388592600000	0	0.020347981244666986				
10	1388592600000	39	0.42482736320892245	0.310215006945098	0.3696040409060011	0.4516115694738342	7.638375960757784
10	1388592600000	46					0.02865308906595611
10	1388593200000	0	0.10630724844253531				
10	1388593200000	39	0.5844890511533348	0.22860910893848366	0.4208756245788873	0.6642260663589048	7.017510308280016
10	1388593800000	0	0.22091960470635974				
10	1388593800000	39	0.5224278732689498	0.30981337638387924	0.5641410699086679	0.5209606210291242	6.471628471207405
10	1388594400000	0	0.1368292203095358				
10	1388594400000	39	0.6189627616503705	0.29360479130251976	0.4208756245788873	0.4881418203051866	6.634700997215585
10	1388594400000	46					0.02865308906595611
10	1388595000000	0	0.3718745542682642				
10	1388595000000	39	0.788610782683844	0.250825972984195	0.3820485448905977	0.529051755822467	6.567906891612276
10	1388595000000	49					0.02865308906595611
10	1388595600000	0	0.0388270796882896			0.02865308906595611	
10	1388595600000	39	0.5350863502814929	0.491691928374003	0.34904208663338765	0.4825351719020534	6.754042037737207
10	1388596200000	0	0.18396140781911452				
10	1388596200000	39	0.6492970759840986	0.36543832924801944	0.34944371719460643	0.6555193279763969	7.984029281360954
10	1388596200000	46					0.02865308906595611
10	1388596800000	0	0.10382276205232571				
10	1388596800000	39	0.3077305205548885	0.388934788000284	0.21843511831615017	0.4756973163205899	6.940431057496058
10	1388597400000	0	0.06748016875424571				
10	1388597400000	39	0.5216246121465123	0.6042477443035106	0.20182490267357192	0.3037787819248533	6.766005964676563
10	1388598000000	0	0.22860910893848366				
10	1388598000000	357	0.02865308906595611				
10	1388598000000	39	0.4215396156962753	0.28116028731792314	0.5608533223960207	0.35526433862568596	7.749442452413918
10	1388598000000	46					0.02865308906595611
10	1388598600000	0	0.06312679956299176				
10	1388598600000	39	0.473025172397108	0.3199873670062128	0.42482736320892245	0.4270978765711856	6.6271728350220585
10	1388599200000	0	0.11421072570260565				
10	1388599200000	39	0.5407677017075229	0.415317363703977	0.330562988189765	0.33886809601105417	6.655075293954926
10	1388599200000	49		0.02865308906595611			0.010173990622333493
10	1388599800000	0	0.18583029062015888			0.02865308906595611	
10	1388599800000	39	0.5930565195307932	0.38706590519923967	0.22278848750740413	0.3835157971304233	8.622930701163092
10	1388599800000	49					0.010173990622333493
10	1388600400000	0	0.15926005738319357			0.05730617813191222	
10	1388600400000	380				0.02865308906595611	
10	1388600400000	39	0.7105549927460459	0.49772652283302893	0.3272268531488951	0.488355793333133	7.9043108891183795
10	1388600400000	46					0.02865308906595611
10	1388600400000	49					0.04900107031062309
10	1388601000000	0	0.10630724844253531				
10	1388601000000	39	0.6233161308416244	0.3224718533964223	0.32100460115659674	0.5558359620873787	8.566611198225765
10	1388601600000	0	0.1368292203095358			0.0776541593765792	
10	1388601600000	39	0.3571332214267303	0.2547777116142302	0.2616155671956937	0.34717320383234324	6.824464403502784
10	1388602200000	0	0.08160589800661437			0.02865308906595611	
10	1388602200000	39	0.371258950679099	0.23421575734161676	0.2248713433363949	0.22652625310949284	6.881661870585447
10	1388602200000	46					0.02865308906595611
10	1388602800000	0	0.06748016875424571			0.02865308906595611	
10	1388602800000	39	0.6306040045125295	0.27325681005785285	0.13247585111828183	0.2412675859510267	7.178463526923786
10	1388602800000	46	0.02865308906595611				
10	1388603400000	0	0.12625359912598352				
10	1388603400000	20				0.014125729252368662	
10	1388603400000	30	0.010173990622333493				
10	1388603400000	380				0.010173990622333493	
10	1388603400000	39	0.2855136565091771	0.28116028731792314	0.34135258240126376	0.41692388594885216	7.770379721753075
10	1388604000000	0	0.1451343281308249			0.02865308906595611	
10	1388604000000	380		0.02865308906595611			
10	1388604000000	39	0.3411386093733173	0.19995601987252754	0.19413539844144803	0.48213354134083464	7.116466916021554
10	1388604000000	46					0.02865308906595611
10	1388604000000	49					0.010173990622333493
10	1388604600000	0	0.18209252501807013				
10	1388604600000	39	0.5595737276894674	0.3753983468424065	0.23047799173952804	0.38640191408185165	7.398295437917991
10	1388605200000	0	0.15343943595211404			0.020347981244666986	
10	1388605200000	39	0.4119549131684329	0.5508669893069595	0.42896675937223	0.463654442897212	6.500341883794389
10	1388605800000	0	0.0878281499989127			0.020347981244666986	
10	1388605800000	39	0.5633114932915562	0.8726748515859939	0.310215006945098	0.2859152870703958	6.601920447979126
10	1388605800000	49			0.010173990622333493		
10	1388606400000	0	0.13455870694727262				
10	1388606400000	39	0.39409141831397554	0.3830878510745304	0.2082611276938167	0.31248552030736115	6.952835660874682
10	1388606400000	46					0.02865308906595611
10	1388606400000	48				0.02865308906595611	
10	1388607000000	0	0.13039299528929105				
10	1388607000000	39	0.4836007935806602	0.5301173775010738	0.3164372589373963	0.3484264830442224	6.8794559242053355
10	1388607000000	41					0.010173990622333493
10	1388607000000	90			0.02865308906595611		
10	1388607600000	0	0.19413539844144803				
10	1388607600000	39	0.6713746700247605	0.4309103451961712	0.23878309956081717	0.21843511831615017	6.517803748087628
10	1388608200000	0	0.05917506093295659				
10	1388608200000	33			0.010173990622333493		
10	1388608200000	39	0.5855283573372676	0.39160693192376594	0.1654823093754919	0.18583029062015888	8.017602955679106
10	1388608200000	44			0.02865308906595611		
10	1388608200000	46					0.02865308906595611
10	1388608800000	0	0.05730617813191222				
10	1388608800000	39	0.45539772260414574	0.23878309956081717	0.0776541593765792	0.1756562999978254	7.837003998395535
10	1388609400000	0	0.04900107031062309				
10	1388609400000	39	0.39368978775275676	0.33844014995516125	0.25894342327221176	0.23939870314998235	6.852629222991819
10	1388610000000	0	0.07516967298636962				
10	1388610000000	33		0.02865308906595611			
10	1388610000000	357	0.02865308906595611				
10	1388610000000	39	0.2938187643304662	0.374621401214643	0.030521971867000477	0.12852411248824666	7.454376301451191
10	1388610000000	46					0.02865308906595611
10	1388610600000	0	0.06312679956299176				
10	1388610600000	33			0.010173990622333493		
10	1388610600000	39	0.3442870868809149	0.41718624650502134	0.09177988862894786	0.0776541593765792	7.205927903760015
10	1388610600000	49			0.02865308906595611		
10	1388611200000	0	0.09613325782020182				
10	1388611200000	39	0.294884386009073	0.3357943215263534	0.0388270796882896	0.0776541593765792	7.563874522349929
10	1388611800000	39	0.18876479509981006	0.26268118887430053	0.09613325782020182	0.12438471632493914	7.967332426702674
10	1388612400000	0	0.020347981244666986				
10	1388612400000	39	0.22198522638496654	0.32521870034280115	0.06934905155529009	0.030521971867000477	8.35846726850345
10	1388612400000	46					0.02865308906595611
10	1388613000000	0	0.010173990622333493				
10	1388613000000	39	0.18729754285998448	0.22860910893848366	0.17378741719678104	0.0878281499989127	6.976642867711339
10	1388613600000	0	0.05730617813191222				
10	1388613600000	33		0.010173990622333493			
10	1388613600000	39	0.3758262928982994	0.2082611276938167	0.13496033750849143	0.10630724844253531	6.762068605548398
10	1388613600000	420		0.010173990622333493			
10	1388614200000	39	0.35881444669450235	0.21990237055597575	0.010173990622333493	0.0878281499989127	6.322237548941773
10	1388614200000	46					0.02865308906595611
10	1388614800000	0	0.05730617813191222				
10	1388614800000	39	0.37561231987035293	0.4080294900330719	0.0388270796882896	0.06748016875424571	6.564334711509911
10	1388615400000	39	0.2487694326498783	0.10342113149110693	0.06499568236403613		6.119722339656137
10	1388616000000	39	0.21221286632385183	0.2981721335217202	0.010173990622333493	0.010173990622333493	5.5391366396046156
10	1388616000000	46					0.02865308906595611
10	1388616600000	0				0.02865308906595611	
10	1388616600000	39	0.2136801185636774	0.13020533775601867		0.024299719874702155	5.732870407484844
100	1388530800000	39				1.2198634702699236	
100	1388531400000	39				0.41705407925354443	
100	1388532000000	39				0.3245048865278197	
100	1388532600000	39				0.1673269643693246	
100	1388533200000	39				0.2480379627853422	
100	1388533800000	39				0.04077425482833716	
100	1388535000000	39				0.1614078672144711	
100	1388535600000	39				0.12486355744210989	
100	1388536200000	39				0.07985935755779676	
100	1388536800000	39				0.04077425482833716	
100	1388537400000	39				0.1614078672144711	
100	1388538000000	39				0.12063361238613392	
100	1388538600000	0				0.04077425482833716	
100	1388538600000	39				0.07985935755779676	
100	1388539200000	39				0.07985935755779676	
100	1388539800000	39				0.07985935755779676	
100	1388541000000	39				0.1614078672144711	
100	1388541600000	39				0.23957807267339026	
100	1388542800000	39				0.04077425482833716	
100	1388543400000	39				0.04077425482833716	
100	1388544000000	39				0.07985935755779676	
100	1388545200000	39				0.04077425482833716	
100	1388545800000	39				0.04077425482833716	
100	1388546400000	39				0.08154850965667432	
100	1388547000000	39				0.15971871511559352	
100	1388547600000	39				0.04077425482833716	
100	1388548800000	39				0.15971871511559352	
100	1388550600000	39				0.07985935755779676	
100	1388553000000	39				0.07985935755779676	
100	1388559600000	39				0.08154850965667432	
100	1388560200000	39				0.04077425482833716	
100	1388560800000	39				0.08154850965667432	
100	1388561400000	39				0.16309701931334863	
100	1388562000000	39				0.12232276448501149	
100	1388562600000	39				0.08154850965667432	
100	1388563800000	39				0.15971871511559352	
100	1388565000000	39				0.08154850965667432	
100	1388565600000	39				0.04077425482833716	
100	1388566200000	39				0.12232276448501149	
100	1388566800000	39				0.28373063169948254	
100	1388567400000	39				0.04500419988431313	
100	1388568000000	39				0.28373063169948254	
100	1388568600000	39				0.28035232750172745	
100	1388569200000	39				0.3635899892572793	
100	1388569800000	39				0.5657721113000875	
100	1388569800000	56				0.04077425482833716	
100	1388570400000	359				0.04077425482833716	
100	1388570400000	39				0.6872573645444423	
100	1388571000000	39				0.36190083715840177	
100	1388571600000	39				0.24718632192712137	
100	1388572200000	359				0.04077425482833716	
100	1388572200000	39				0.2038712741416858	
100	1388572800000	39				0.12655270954098746	
100	1388572800000	41				0.04077425482833716	
100	1388573400000	39				0.24464552897002298	
100	1388574000000	39				0.36190083715840177	
100	1388574600000	32				0.04077425482833716	
100	1388574600000	39				0.24972711488421978	
100	1388575200000	39				0.44767929187105204	
100	1388575800000	39				0.20218212204280825	
100	1388576400000	39				0.8036610318746003	
100	1388577000000	39				0.6456314688578844	
100	1388577000000	41				0.07985935755779676	
100	1388577600000	39				0.5233087043728728	
100	1388578200000	39				0.32704567948491814	
100	1388578800000	33				0.07985935755779676	
100	1388578800000	39				0.6031680619306695	
100	1388579400000	39				0.24718632192712137	
100	1388579400000	41				0.07985935755779676	
100	1388580000000	39				0.23957807267339026	
100	1388580600000	39				0.08154850965667432	
100	1388581200000	39				0.12063361238613392	
100	1388581800000	39				0.3635899892572793	
100	1388582400000	39				0.16309701931334863	
100	1388583000000	39				0.40690503704271486	
100	1388583600000	39				0.12063361238613392	
100	1388584200000	39				0.32535652738604054	
100	1388584800000	0				0.04077425482833716	
100	1388584800000	39				0.16563781227044705	
100	1388585400000	39				0.1614078672144711	
100	1388586000000	359				0.07985935755779676	
100	1388586000000	39				0.3635899892572793	
100	1388586600000	39				0.48253444954453567	
100	1388587200000	359				0.07985935755779676	
100	1388587200000	39				0.36950908641213287	
100	1388587800000	39				0.20049296994393068	
100	1388588400000	0				0.004229945055975969	
100	1388588400000	39				0.5216195522739953	
100	1388589000000	33				0.07985935755779676	
100	1388589000000	39				0.3652791413561569	
100	1388589600000	359				0.04077425482833716	
100	1388589600000	39				0.36190083715840177	
100	1388590200000	39				0.5997897577329144	
100	1388590800000	39				0.44176019471619854	
100	1388591400000	39				0.36021168505952417	
100	1388592000000	31				0.04077425482833716	
100	1388592000000	39				0.48253444954453567	
100	1388592600000	39				0.6073980069866455	
100	1388593200000	355				0.04077425482833716	
100	1388593200000	39				0.28881221761367937	
100	1388593800000	0				0.04077425482833716	
100	1388593800000	39				0.282041479600605	
100	1388594400000	39				0.7721841783988718	
100	1388595000000	359				0.07985935755779676	
100	1388595000000	39				0.617547049197475	
100	1388595000000	41				0.04077425482833716	
100	1388595600000	39				0.5725428493131619	
100	1388596200000	39				0.605708854887768	
100	1388596200000	40				0.07985935755779676	
100	1388596800000	39				0.12486355744210989	
100	1388597400000	0				0.04077425482833716	
100	1388597400000	39				0.1614078672144711	
100	1388598000000	39				0.6473206209567619	
100	1388598600000	39				0.6847165715873439	
100	1388599200000	39				0.3661307822143777	
100	1388599800000	39				0.6864057236862215	
100	1388600400000	0				0.04077425482833716	
100	1388600400000	39				0.4043642440856165	
100	1388601000000	39				0.5300794423859472	
100	1388601600000	39				0.48253444954453567	
100	1388602200000	39				0.4026750919867389	
100	1388602800000	39				0.32535652738604054	
100	1388603400000	39				0.32535652738604054	
100	1388604000000	39				0.28541978379836014	
100	1388604600000	39				0.36190083715840177	
100	1388605200000	39				0.48422360164341327	
100	1388605200000	49				0.04077425482833716	
100	1388605800000	39				0.282041479600605	
100	1388606400000	39				0.3228157344289422	
100	1388607000000	39				0.1614078672144711	
100	1388607600000	355				0.04077425482833716	
100	1388607600000	39				0.16309701931334863	
100	1388608200000	39				0.1614078672144711	
100	1388608800000	212				0.04077425482833716	
100	1388608800000	39				0.1614078672144711	
100	1388609400000	39				0.20049296994393068	
100	1388610000000	0				0.04077425482833716	
100	1388610000000	39				0.16309701931334863	
100	1388610600000	39				0.07985935755779676	
100	1388611200000	39				0.12063361238613392	
100	1388611800000	39				0.08154850965667432	
100	1388612400000	39				0.08577845471265029	
100	1388613000000	39				0.04500419988431313	
100	1388614200000	39				0.15971871511559352	
100	1388614800000	39				0.09423834482460222	
100	1388615400000	39				0.12063361238613392	
100	1388616000000	39				0.15971871511559352	
100	1388616600000	39				0.07985935755779676	
1000	1388530800000	0	0.24029879104270352			0.007243051101959503	
1000	1388530800000	39	5.180705532706958	5.210068817009078	0.7912082087083054	1.7391324799634453	14.30069787791389
1000	1388530800000	44	0.08009959701423451				
1000	1388530800000	53			0.08009959701423451		
1000	1388531400000	20				0.07031183558019481	
1000	1388531400000	234		0.07031183558019481			
1000	1388531400000	34				0.08009959701423451	
1000	1388531400000	39	2.9504841066078002	2.8755952366203195	1.00214371544889	1.2088322247027248	13.29493263691402
1000	1388531400000	44				0.08009959701423451	
1000	1388531400000	86				0.07031183558019481	
1000	1388532000000	0	0.24029879104270352				
1000	1388532000000	20				0.07031183558019481	
1000	1388532000000	39	4.098462220243834	4.1180377431119135	0.5411216562315623	1.0496146275059077	11.362781061605498
1000	1388532600000	39	2.7479465968685712	2.4848850129831868	0.7111086116940709	0.48529592285528644	10.270749987708331
1000	1388532600000	86				0.08009959701423451	
1000	1388533200000	0	0.06510110855344095				
1000	1388533200000	39	2.0452359821758557	1.7248375941189176	0.47080982065136745	0.36019199343561803	10.16524809562389
1000	1388533800000	1		0.16019919402846902			
1000	1388533800000	39	1.3634906547839036	1.482741297534297		0.07393336113117456	9.12438759001522
1000	1388534400000	0	0.16019919402846902				
1000	1388534400000	39	0.8828930726984965	0.9220441184346553	0.11265015129095499	0.5240127130150668	8.212131233014603
1000	1388535000000	39	0.3809224622030931	0.21093550674058445		0.2547848932466225	6.9269161552358725
1000	1388535600000	0	0.08009959701423451				
1000	1388535600000	39	0.37113470076905347	0.48059758208540704	0.08009959701423451	0.08009959701423451	8.969580912612502
1000	1388536200000	20				0.0036215255509797514	
1000	1388536200000	39	0.7618449244061862	0.3613469393350138		0.15765448369638882	9.549853614580222
1000	1388536800000	39	0.31061062662289834	0.22072326817462412	0.08009959701423451	0.07755488668215431	7.590883465301662
1000	1388537400000	0	0.16019919402846902				
1000	1388537400000	39	0.5509094176656019		0.08009959701423451	0.08009959701423451	7.209987517565715
1000	1388538000000	0	0.07031183558019481				
1000	1388538000000	39	0.37113470076905347	0.15041143259442932	0.08009959701423451		7.018627533693209
1000	1388538600000	39	0.37113470076905347	0.32039838805693804	0.23051102960866382	0.08734264811619401	7.319423884414922
1000	1388539200000	0	0.08009959701423451				
1000	1388539200000	39	0.23051102960866382	0.23051102960866382	0.08009959701423451	0.0036215255509797514	6.338679711843174
1000	1388539800000	1					0.08009959701423451
1000	1388539800000	39	0.6523820430898327	0.6915330888259915		0.07393336113117456	6.309316427541055
1000	1388540400000	39	0.5722824460755982	0.28124734232077925		0.0036215255509797514	6.215807543541801
1000	1388541000000	39	0.30082286518885865	0.07031183558019481	0.08009959701423451	0.07031183558019481	6.418779308857409
1000	1388541600000	39	0.08009959701423451	0.08009959701423451	0.08009959701423451	0.2764708708704038	6.809489532494541
1000	1388542200000	39	0.08009959701423451		0.15041143259442932	0.23413255515964357	5.954135724089101
1000	1388542800000	0	0.032550554276720475				
1000	1388542800000	1					0.08009959701423451
1000	1388542800000	39			0.032550554276720475	0.07393336113117456	7.881945083523627
1000	1388543400000	1					0.08009959701423451
1000	1388543400000	39			0.16019919402846902	0.0036215255509797514	5.176336802365816
1000	1388544000000	0	0.07031183558019481				
1000	1388544000000	39	0.15041143259442932	0.22072326817462412			6.696405125627209
1000	1388544600000	39	0.07031183558019481	0.32039838805693804		0.08009959701423451	5.625773594607186
1000	1388545200000	39	0.46102205921732764	0.32039838805693804			4.652993163460415
1000	1388545800000	39		0.16019919402846902		0.0036215255509797514	4.569272040895202
1000	1388546400000	39					4.883504193069079
1000	1388547000000	39		0.16019919402846902	0.07031183558019481		4.211546627111167
1000	1388547000000	971					0.08009959701423451
1000	1388547600000	39					4.278236937140382
1000	1388548200000	39	0.08009959701423451	0.08009959701423451			5.606198071739106
1000	1388548800000	0	0.08009959701423451				
1000	1388548800000	39	0.08009959701423451			0.007243051101959503	4.281858462691361
1000	1388549400000	39	0.08009959701423451				3.85816342920113
1000	1388550000000	39				0.0036215255509797514	4.723304999040611
1000	1388550600000	39					3.2503514629403534
1000	1388551200000	0	0.032550554276720475				
1000	1388551200000	39		0.08009959701423451		0.03979360537867998	4.12962301008787
1000	1388551800000	39					3.9320967903323045
1000	1388552400000	39	0.16019919402846902	0.16019919402846902		0.0036215255509797514	3.5413865666951723
1000	1388553000000	39		0.48059758208540704			3.0767429819268646
1000	1388553600000	39					3.420338418402862
1000	1388554200000	39					2.519667328378203
1000	1388554800000	39	0.07031183558019481				2.635296445577616
1000	1388555400000	0	0.32039838805693804				
1000	1388555400000	39					2.257995508925503
1000	1388556000000	39					3.2405637015063133
1000	1388556600000	39	0.14062367116038962				4.402880096516526
1000	1388557200000	39	0.08009959701423451				3.8519971933180703
1000	1388557800000	0				0.0036215255509797514	
1000	1388557800000	39			0.08009959701423451		2.86942900073726
1000	1388558400000	0				0.0036215255509797514	
1000	1388558400000	39		0.08009959701423451		0.0036215255509797514	2.094174789346054
1000	1388559000000	39					3.711373522157681
1000	1388559600000	39	0.08009959701423451			0.06510110855344095	2.910377552015335
1000	1388560200000	0	0.08009959701423451				
1000	1388560200000	39	0.08009959701423451	0.08009959701423451	0.08009959701423451	0.2640259597647436	2.1449111020581695
1000	1388560800000	0	0.16019919402846902				
1000	1388560800000	39	0.16019919402846902			0.2604044342137638	3.6606372094455653
1000	1388561400000	39				0.1627527713836024	3.1506763430580396
1000	1388562000000	39	0.31061062662289834	0.16019919402846902		0.0036215255509797514	2.615720922709537
1000	1388562600000	0	0.08009959701423451				
1000	1388562600000	39	0.48059758208540704	0.08009959701423451	0.08009959701423451	0.08009959701423451	2.9299530748834153
1000	1388562600000	63				0.0036215255509797514	
1000	1388563200000	0	0.32039838805693804				
1000	1388563200000	39		0.08009959701423451		0.16744224513042852	3.7211612835917203
1000	1388563800000	0	0.08009959701423451				
1000	1388563800000	380				0.0036215255509797514	
1000	1388563800000	39	0.4004979850711726	0.16019919402846902	0.08009959701423451	0.007243051101959503	2.4653094901151076
1000	1388564400000	0	0.08009959701423451				
1000	1388564400000	39		0.3613469393350138	0.16019919402846902	0.007243051101959503	3.8208364034740345
1000	1388565000000	0	0.08009959701423451				
1000	1388565000000	39	0.16019919402846902	0.16019919402846902		0.0036215255509797514	3.2619367299163096
1000	1388565600000	0	0.08009959701423451				
1000	1388565600000	39	0.23051102960866382	0.08009959701423451	0.08009959701423451	0.08734264811619401	3.1470548175070596
1000	1388566200000	0	0.032550554276720475				
1000	1388566200000	380				0.0036215255509797514	
1000	1388566200000	39	0.24029879104270352	0.3809224622030931	0.24029879104270352	0.4077410361731321	3.4417114468128576
1000	1388566800000	0	0.22530030258190997			0.08372112256521426	
1000	1388566800000	39	0.47399709062596873	0.32039838805693804	0.16019919402846902	0.32764143915889754	3.7523220734357565
1000	1388567400000	0		0.08009959701423451			
1000	1388567400000	39	0.5131481363621275	0.7208963731281106	0.08009959701423451	0.014486102203919006	3.799436860596892
1000	1388568000000	0	0.08009959701423451				
1000	1388568000000	39	0.14062367116038962	0.47080982065136745	0.22072326817462412	0.18192834733434754	4.652993163460415
1000	1388568600000	0	0.32039838805693804				
1000	1388568600000	39	0.8615200442885003	0.5509094176656019	0.08009959701423451	0.17106377068140827	3.682010237855562
1000	1388568600000	86				0.0036215255509797514	
1000	1388569200000	0	0.032550554276720475				
1000	1388569200000	39	0.31837493100478553	0.30082286518885865	0.16019919402846902	0.6552828783177951	3.4674532055639977
1000	1388569800000	0	0.06510110855344095				
1000	1388569800000	39	0.5606971790996416	0.8009959701423452	0.22072326817462412	0.29100014875642005	4.053144938624615
1000	1388570400000	0				0.0036215255509797514	
1000	1388570400000	39	1.031506999751009	0.08009959701423451	0.24029879104270352	0.28375709765446055	5.014340102795429
1000	1388571000000	39	0.7111086116940709	0.08009959701423451	0.15041143259442932	0.2522401829145423	4.600432830739237
1000	1388571600000	0	0.15041143259442932				
1000	1388571600000	39		0.16019919402846902	0.15041143259442932	0.16382071957944877	5.385474803564483
1000	1388572200000	0	0.35294894233365853				
1000	1388572200000	20				0.08009959701423451	
1000	1388572200000	39	0.7208963731281106	1.031506999751009	0.22072326817462412	0.49253897395724594	5.029112639745987
1000	1388572800000	0	0.18296198687114978				
1000	1388572800000	39	0.32039838805693804	0.7111086116940709	0.06510110855344095	0.5809584372923395	4.188349578692108
1000	1388573400000	39	0.5606971790996416	0.24029879104270352	0.30082286518885865	0.26672628511846136	4.3539678038134735
1000	1388574000000	0	0.11265015129095499				
1000	1388574000000	34	0.08009959701423451				
1000	1388574000000	39	0.23051102960866382	0.16019919402846902	0.6310090146798364	0.6950764836964751	4.924452744347155
1000	1388574000000	60	0.08009959701423451				
1000	1388574000000	86				0.0036215255509797514	
1000	1388574600000	39	0.6310090146798364	0.08009959701423451	0.23051102960866382	0.3943317491881126	4.99114305437637
1000	1388575200000	0	0.19274974830518948			0.0036215255509797514	
1000	1388575200000	34	0.08009959701423451				
1000	1388575200000	39	0.7111086116940709	0.16019919402846902	0.16019919402846902	0.4149840872750916	5.907020936927966
1000	1388575800000	0	0.07031183558019481			0.0036215255509797514	
1000	1388575800000	39	1.1819184323454384	0.08009959701423451	0.47080982065136745	0.4026516155089716	6.0885931593664315
1000	1388576400000	0	0.23051102960866382				
1000	1388576400000	380				0.0036215255509797514	
1000	1388576400000	39	0.6310090146798364	1.1116065967652435	0.5509094176656019	0.42330395359595063	6.565569215900858
1000	1388576400000	46					0.08009959701423451
1000	1388577000000	39	0.6341962846544378	0.7912082087083054	0.08009959701423451	0.2522401829145423	6.23900459196086
1000	1388577600000	0	0.15041143259442932				
1000	1388577600000	39	0.7111086116940709	0.9514074027367746	0.16019919402846902	0.17830682178336776	6.088593159366431
1000	1388578200000	39	0.5918579689436776	0.45123429778328794	0.16019919402846902	0.40881785139203164	5.702251666070442
1000	1388578800000	0	0.10286238985691529			0.08009959701423451	
1000	1388578800000	39	0.5313338947975225	1.1116065967652435	0.31061062662289834	0.46826511031928714	6.147319727970669
1000	1388579400000	0	0.08009959701423451			0.0036215255509797514	
1000	1388579400000	39	0.4004979850711726	0.39071022363713287		0.2547848932466225	4.2934437296673185
1000	1388579400000	86				0.0036215255509797514	
1000	1388579400000	94				0.08009959701423451	
1000	1388580000000	0	0.032550554276720475			0.0036215255509797514	
1000	1388580000000	39	0.46102205921732764	0.3809224622030931	0.32039838805693804	0.3385060158118368	5.792139024518715
1000	1388580600000	0	0.08009959701423451				
1000	1388580600000	39	0.47080982065136745	0.5918579689436776	0.31061062662289834	0.3261735440457169	5.445998877710637
1000	1388581200000	0	0.16019919402846902				
1000	1388581200000	39	0.5215461333634828	0.9825681925808105	0.23051102960866382	0.2764708708704038	5.236860876511971
1000	1388581200000	91				0.08009959701423451	
1000	1388581800000	0	0.22072326817462412				
1000	1388581800000	39	0.5509094176656019	0.39071022363713287	0.30082286518885865	0.41606090249399114	4.821156098913862
1000	1388582400000	0	0.08009959701423451				
1000	1388582400000	39	1.1213943581992831	0.9416196413027349	0.15041143259442932	0.2656494698995618	5.7663972657675755
1000	1388583000000	0	0.07031183558019481				
1000	1388583000000	39	0.29103510375481895	0.07031183558019481	0.39071022363713287	0.3478595216694981	5.979130278050078
1000	1388583000000	94				0.08009959701423451	
1000	1388583600000	0	0.19274974830518948			0.0036215255509797514	
1000	1388583600000	39	0.32039838805693804	0.08009959701423451	0.39071022363713287	0.7292162394489696	7.477825572901475
1000	1388584200000	0	0.1302022171068819			0.0036215255509797514	
1000	1388584200000	39	0.22072326817462412	0.08009959701423451	0.16019919402846902	0.2739261605383235	7.9736299475138175
1000	1388584800000	0	0.14520070556767545				
1000	1388584800000	39	0.3613469393350138	0.22072326817462412	0.39071022363713287	0.5736722105082828	6.078805397932391
1000	1388585400000	0				0.0036215255509797514	
1000	1388585400000	39	0.32039838805693804	0.4004979850711726	0.16019919402846902	0.15403295814540907	7.016803513684145
1000	1388586000000	0	0.07031183558019481			0.014486102203919006	
1000	1388586000000	39	0.30082286518885865	0.07031183558019481		0.2486186573635626	7.452083814150335
1000	1388586600000	0	0.08009959701423451				
1000	1388586600000	39	0.30082286518885865	0.23051102960866382	0.46102205921732764	0.31785367772485784	6.930537680786852
1000	1388587200000	0	0.08009959701423451				
1000	1388587200000	39	0.9416196413027349	0.08009959701423451	0.16019919402846902	0.09096417366717377	7.809809227934369
1000	1388587800000	0	0.22072326817462412			0.0036215255509797514	
1000	1388587800000	39	0.7422694015381069	0.46102205921732764	0.34316118089961883	0.8088815808868257	7.715553139144951
1000	1388588400000	0	0.19274974830518948				
1000	1388588400000	20				0.0036215255509797514	
1000	1388588400000	39	0.39071022363713287	0.23051102960866382	0.39071022363713287	0.3385060158118368	7.896309879364951
1000	1388589000000	0	0.032550554276720475				
1000	1388589000000	39	0.47080982065136745	0.39071022363713287	0.08009959701423451	0.18192834733434754	8.801757440839985
1000	1388589000000	63				0.16019919402846902	
1000	1388589600000	0	0.11265015129095499				
1000	1388589600000	39	0.7566341973794325	0.47080982065136745	0.31061062662289834	0.24754184214466302	10.388203124916808
1000	1388589600000	86				0.08009959701423451	
1000	1388590200000	0	0.30082286518885865			0.08372112256521426	
1000	1388590200000	380				0.0036215255509797514	
1000	1388590200000	39	0.39071022363713287	0.15041143259442932	0.23051102960866382	0.5726385709714804	11.024196915113162
1000	1388590800000	0	0.31061062662289834				
1000	1388590800000	39	0.32039838805693804	0.46102205921732764	0.5509094176656019	0.7085639013619907	11.421073374633357
1000	1388591400000	0	0.10286238985691529				
1000	1388591400000	355			0.08009959701423451		
1000	1388591400000	39	0.7013208502600312	0.30082286518885865	0.5509094176656019	0.46572039998720693	13.18729377560673
1000	1388592000000	0	0.2434860610173049				
1000	1388592000000	39	0.7814204472742657	1.0412947611850487	0.7618449244061862	0.9992079252225287	13.278570898487688
1000	1388592000000	91				0.0036215255509797514	
1000	1388592600000	0	0.22072326817462412				
1000	1388592600000	39	0.7013208502600312	0.23051102960866382	0.16019919402846902	0.32764143915889754	13.601540511343853
1000	1388593200000	0	0.22072326817462412				
1000	1388593200000	20				0.0036215255509797514	
1000	1388593200000	39	1.0119314768829297	0.7912082087083054	0.23051102960866382	0.7700866600465492	14.800870982867375
1000	1388593800000	0	0.08009959701423451			0.0036215255509797514	
1000	1388593800000	39	0.8615200442885003	1.2014939552135178	0.37113470076905347	0.6730343811768117	12.291607461098588
1000	1388593800000	91				0.0036215255509797514	
1000	1388594400000	0	0.08009959701423451	0.24029879104270352			
1000	1388594400000	1	0.24029879104270352				
1000	1388594400000	39	0.4004979850711726	0.48059758208540704	0.4004979850711726	0.10545027587109276	11.558102034709913
1000	1388595000000	0	0.10286238985691529				
1000	1388595000000	1	0.08009959701423451				
1000	1388595000000	39	0.7534469274048311		0.47080982065136745	0.6926099040448912	12.124625986011683
1000	1388595600000	0	0.032550554276720475	0.08009959701423451			
1000	1388595600000	1	0.08009959701423451				
1000	1388595600000	39	0.8615200442885003	0.32039838805693804	0.39071022363713287	0.41968242804497086	10.88218347952009
1000	1388596200000	0	0.07031183558019481				
1000	1388596200000	39	0.8419445214204209	0.22072326817462412	0.32039838805693804	0.3297950695966967	12.382676279913403
1000	1388596800000	0	0.2630615838853843				
1000	1388596800000	39	1.3550926577825484	1.6331527301287263	0.3809224622030931	0.8103926516821037	19.394310829531953
1000	1388597400000	0	0.08009959701423451			0.0036215255509797514	
1000	1388597400000	39	0.6915330888259915	0.5313338947975225	0.5215461333634828	0.6552828783177951	20.61098506280526
1000	1388598000000	0	0.23051102960866382			0.07031183558019481	
1000	1388598000000	20				0.032550554276720475	
1000	1388598000000	212				0.0036215255509797514	
1000	1388598000000	39	0.5411216562315623	0.7013208502600312	0.32039838805693804	0.2558617084655221	13.11515792001747
1000	1388598600000	0	0.11265015129095499				
1000	1388598600000	39	0.8419445214204209	0.14062367116038962	0.28124734232077925	0.9917222613953822	13.243014863835363
1000	1388599200000	0	0.42326077791385336				
1000	1388599200000	39	0.771632685840226	0.8321567599863811	0.30082286518885865	0.4547776926537716	12.309385478424751
1000	1388599800000	0				0.08009959701423451	
1000	1388599800000	33	0.07031183558019481				
1000	1388599800000	39	1.204681225188119	1.2522302679256332	0.9318318798686951	0.3406596462496359	18.65900789760136
1000	1388600400000	0	0.23051102960866382				
1000	1388600400000	39	0.737058674511353	0.5411216562315623	0.884282837131181	0.6962314295958709	17.503473783649582
1000	1388601000000	0	0.30082286518885865				
1000	1388601000000	39	0.9629926697127311	0.16019919402846902	0.6212212532457967	0.8672952002772791	12.525123971082856
1000	1388601600000	0	0.22072326817462412				
1000	1388601600000	39	0.7520571629721466	0.5509094176656019	0.30082286518885865	0.3819992774219927	11.617236344423382
1000	1388602200000	0	0.16019919402846902				
1000	1388602200000	20				0.0036215255509797514	
1000	1388602200000	39	0.18296198687114978	0.31061062662289834	0.5215461333634828	0.538576945899482	13.589589266219818
1000	1388602800000	0	0.032550554276720475			0.08009959701423451	
1000	1388602800000	39	0.6016457303777173		0.24029879104270352	0.544743181782542	12.995933791734224
1000	1388603400000	39	0.7208963731281106	0.32039838805693804	0.07031183558019481	0.16382071957944877	9.33349907674674
1000	1388604000000	0	0.08009959701423451				
1000	1388604000000	39	1.00214371544889	0.6407967761138761	0.5313338947975225	0.32509672882681734	12.515336209648815
1000	1388604600000	0	0.08009959701423451				
1000	1388604600000	39	0.5411216562315623	0.23051102960866382	0.15041143259442932	0.24392031659368327	9.00873195834866
1000	1388605200000	0	0.08009959701423451				
1000	1388605200000	39	0.08009959701423451	0.16019919402846902	0.15041143259442932	0.16851906034932806	10.366803582039667
1000	1388605800000	0	0.08009959701423451				
1000	1388605800000	39	0.32039838805693804	0.4004979850711726		0.47550816142124663	12.003577837719373
1000	1388605800000	49					0.08009959701423451
1000	1388606400000	0	0.23051102960866382				
1000	1388606400000	39	0.08009959701423451	0.4004979850711726	0.15041143259442932	0.24754184214466302	9.472533546431357
1000	1388606400000	40				0.0036215255509797514	
1000	1388607000000	0	0.39071022363713287				
1000	1388607000000	39	0.39071022363713287	0.4004979850711726	0.22072326817462412	0.2486186573635626	11.560307281361062
1000	1388607600000	0	0.07031183558019481			0.08009959701423451	
1000	1388607600000	39	0.9122563570006157	0.4004979850711726	0.15041143259442932	0.39795327473909237	10.07759249829391
1000	1388608200000	0	0.4134730164798136				
1000	1388608200000	39	0.47080982065136745	0.24029879104270352	0.22072326817462412	0.15765448369638882	11.280883959049344
1000	1388608800000	0	0.18296198687114978				
1000	1388608800000	39	0.16019919402846902	0.39071022363713287	0.37113470076905347	0.31423215217387807	9.36286236104886
1000	1388609400000	0	0.08009959701423451				
1000	1388609400000	39	0.5313338947975225	0.46102205921732764	0.15041143259442932	0.32147520327583756	12.085474940275525
1000	1388610000000	0	0.08009959701423451	0.08009959701423451			
1000	1388610000000	39	0.08009959701423451		0.15041143259442932	0.2522401829145423	11.132270031996832
1000	1388610600000	0	0.22072326817462412				
1000	1388610600000	212			0.16019919402846902		
1000	1388610600000	39	0.6407967761138761	0.24029879104270352	0.16019919402846902	0.2486186573635626	11.177587313616051
1000	1388611200000	0	0.16019919402846902				
1000	1388611200000	39	0.3809224622030931	0.16019919402846902	0.15041143259442932	0.16019919402846902	10.098965526703907
1000	1388611800000	39	0.15041143259442932	0.48059758208540704	0.16019919402846902	0.0036215255509797514	9.548056109038306
1000	1388612400000	0	0.08009959701423451				
1000	1388612400000	34					0.08009959701423451
1000	1388612400000	39	0.6407967761138761	0.24029879104270352	0.15041143259442932	0.09096417366717377	9.733997061817913
1000	1388613000000	0	0.15041143259442932				
1000	1388613000000	34					0.08009959701423451
1000	1388613000000	39	0.23051102960866382	0.07031183558019481	0.15041143259442932	0.07031183558019481	8.694526320641927
1000	1388613600000	0	0.08009959701423451				
1000	1388613600000	33					0.08009959701423451
1000	1388613600000	39	0.7618449244061862	0.5509094176656019	0.16019919402846902	0.17106377068140827	8.235301766966517
1000	1388614200000	0	0.24029879104270352				
1000	1388614200000	39	0.39071022363713287	0.32039838805693804	0.22072326817462412	0.16127600924736857	9.733997061817913
1000	1388614800000	39	0.22072326817462412			0.22796631927658362	7.9718324419719
1000	1388615400000	39	0.08009959701423451	0.16019919402846902	0.15041143259442932	0.014486102203919006	6.840650322338577
1000	1388616000000	39			0.08009959701423451	0.07031183558019481	6.493459874778747
1000	1388616600000	0	0.08009959701423451				
